a 1 2 38
a 2 1 38
a 1 3 36
a 3 1 36
a 1 4 36
a 4 1 36
a 1 5 34
a 5 1 34
a 1 6 36
a 6 1 36
a 1 7 27
a 7 1 27
a 1 8 22
a 8 1 22
a 1 9 24
a 9 1 24
a 1 10 23
a 10 1 23
a 1 11 23
a 11 1 23
a 1 12 39
a 12 1 39
a 1 13 25
a 13 1 25
a 1 14 30
a 14 1 30
a 1 15 24
a 15 1 24
a 1 16 23
a 16 1 23
a 1 17 26
a 17 1 26
a 1 18 23
a 18 1 23
a 1 19 29
a 19 1 29
a 1 20 21
a 20 1 21
a 2 3 20
a 3 2 20
a 2 4 25
a 4 2 25
a 2 5 23
a 5 2 23
a 2 6 37
a 6 2 37
a 2 7 26
a 7 2 26
a 2 8 21
a 8 2 21
a 2 9 34
a 9 2 34
a 2 10 33
a 10 2 33
a 2 11 29
a 11 2 29
a 2 12 36
a 12 2 36
a 2 13 26
a 13 2 26
a 2 14 33
a 14 2 33
a 2 15 32
a 15 2 32
a 2 16 22
a 16 2 22
a 2 17 33
a 17 2 33
a 2 18 36
a 18 2 36
a 2 19 28
a 19 2 28
a 2 20 33
a 20 2 33
a 3 4 25
a 4 3 25
a 3 5 28
a 5 3 28
a 3 6 25
a 6 3 25
a 3 7 26
a 7 3 26
a 3 8 23
a 8 3 23
a 3 9 33
a 9 3 33
a 3 10 31
a 10 3 31
a 3 11 36
a 11 3 36
a 3 12 29
a 12 3 29
a 3 13 29
a 13 3 29
a 3 14 38
a 14 3 38
a 3 15 23
a 15 3 23
a 3 16 28
a 16 3 28
a 3 17 29
a 17 3 29
a 3 18 32
a 18 3 32
a 3 19 28
a 19 3 28
a 3 20 34
a 20 3 34
a 4 5 36
a 5 4 36
a 4 6 35
a 6 4 35
a 4 7 24
a 7 4 24
a 4 8 24
a 8 4 24
a 4 9 28
a 9 4 28
a 4 10 26
a 10 4 26
a 4 11 18
a 11 4 18
a 4 12 21
a 12 4 21
a 4 13 21
a 13 4 21
a 4 14 32
a 14 4 32
a 4 15 19
a 15 4 19
a 4 16 26
a 16 4 26
a 4 17 25
a 17 4 25
a 4 18 19
a 18 4 19
a 4 19 22
a 19 4 22
a 4 20 36
a 20 4 36
a 5 6 21
a 6 5 21
a 5 7 18
a 7 5 18
a 5 8 28
a 8 5 28
a 5 9 32
a 9 5 32
a 5 10 29
a 10 5 29
a 5 11 27
a 11 5 27
a 5 12 29
a 12 5 29
a 5 13 29
a 13 5 29
a 5 14 28
a 14 5 28
a 5 15 22
a 15 5 22
a 5 16 22
a 16 5 22
a 5 17 32
a 17 5 32
a 5 18 32
a 18 5 32
a 5 19 25
a 19 5 25
a 5 20 23
a 20 5 23
a 6 7 19
a 7 6 19
a 6 8 22
a 8 6 22
a 6 9 18
a 9 6 18
a 6 10 24
a 10 6 24
a 6 11 32
a 11 6 32
a 6 12 19
a 12 6 19
a 6 13 16
a 13 6 16
a 6 14 35
a 14 6 35
a 6 15 33
a 15 6 33
a 6 16 35
a 16 6 35
a 6 17 20
a 17 6 20
a 6 18 16
a 18 6 16
a 6 19 30
a 19 6 30
a 6 20 24
a 20 6 24
a 7 8 21
a 8 7 21
a 7 9 21
a 9 7 21
a 7 10 32
a 10 7 32
a 7 11 26
a 11 7 26
a 7 12 20
a 12 7 20
a 7 13 15
a 13 7 15
a 7 14 27
a 14 7 27
a 7 15 15
a 15 7 15
a 7 16 34
a 16 7 34
a 7 17 15
a 17 7 15
a 7 18 32
a 18 7 32
a 7 19 23
a 19 7 23
a 7 20 22
a 20 7 22
a 8 9 14
a 9 8 14
a 8 10 21
a 10 8 21
a 8 11 14
a 11 8 14
a 8 12 30
a 12 8 30
a 8 13 24
a 13 8 24
a 8 14 27
a 14 8 27
a 8 15 24
a 15 8 24
a 8 16 23
a 16 8 23
a 8 17 31
a 17 8 31
a 8 18 24
a 18 8 24
a 8 19 27
a 19 8 27
a 8 20 23
a 20 8 23
a 9 10 30
a 10 9 30
a 9 11 23
a 11 9 23
a 9 12 18
a 12 9 18
a 9 13 32
a 13 9 32
a 9 14 17
a 14 9 17
a 9 15 21
a 15 9 21
a 9 16 22
a 16 9 22
a 9 17 16
a 17 9 16
a 9 18 16
a 18 9 16
a 9 19 29
a 19 9 29
a 9 20 20
a 20 9 20
a 10 11 19
a 11 10 19
a 10 12 27
a 12 10 27
a 10 13 28
a 13 10 28
a 10 14 12
a 14 10 12
a 10 15 30
a 15 10 30
a 10 16 18
a 16 10 18
a 10 17 22
a 17 10 22
a 10 18 16
a 18 10 16
a 10 19 24
a 19 10 24
a 10 20 20
a 20 10 20
a 11 12 11
a 12 11 11
a 11 13 19
a 13 11 19
a 11 14 21
a 14 11 21
a 11 15 14
a 15 11 14
a 11 16 20
a 16 11 20
a 11 17 24
a 17 11 24
a 11 18 29
a 18 11 29
a 11 19 15
a 19 11 15
a 11 20 22
a 20 11 22
a 12 13 28
a 13 12 28
a 12 14 28
a 14 12 28
a 12 15 24
a 15 12 24
a 12 16 15
a 16 12 15
a 12 17 18
a 17 12 18
a 12 18 12
a 18 12 12
a 12 19 26
a 19 12 26
a 12 20 19
a 20 12 19
a 13 14 9
a 14 13 9
a 13 15 19
a 15 13 19
a 13 16 22
a 16 13 22
a 13 17 19
a 17 13 19
a 13 18 21
a 18 13 21
a 13 19 13
a 19 13 13
a 13 20 10
a 20 13 10
a 14 15 16
a 15 14 16
a 14 16 14
a 16 14 14
a 14 17 21
a 17 14 21
a 14 18 26
a 18 14 26
a 14 19 12
a 19 14 12
a 14 20 23
a 20 14 23
a 15 16 19
a 16 15 19
a 15 17 21
a 17 15 21
a 15 18 18
a 18 15 18
a 15 19 24
a 19 15 24
a 15 20 22
a 20 15 22
a 16 17 10
a 17 16 10
a 16 18 12
a 18 16 12
a 16 19 25
a 19 16 25
a 16 20 12
a 20 16 12
a 17 18 22
a 18 17 22
a 17 19 18
a 19 17 18
a 17 20 16
a 20 17 16
a 18 19 8
a 19 18 8
a 18 20 4
a 20 18 4
a 19 20 13
a 20 19 13